25314672313211
54321671111111
41352672313211
12356741112323
12367451111111
12374561112323
13642571111111
16543271111111
15246371111111
12345671111111
62345713133111
24316572122213
25713642221111
24513763133333
43752611332133
25416373331111
21345671111111
41756322321131
71532462211331
61345722331223
31746523122323
61743252221213
54721632212333
61543273232123
13572463231112
41637252113123
56713423323323
17635241111132
57142363323332
52136473323122
42315762131123
14357621212331
62431752121322
23517461113232
72613542311132
52413761231132
73561422123233
13672543311113
53627142121313
62345171132132
73624152222212
12546371133233
65314722211232
65734123121132
54627312231332
75314623211213
41673251311331
73641253333313
15723643322321
23615472113321
54721631111111
1234567111111
02345671111111
82345671111111
12345671111110
12345671111114
1234567111111a
11345671111111
12345671111112
abc
12345671211111
